1234
8765
3456
11234
5678
12987
2345
9876
4567
13245
7890
1111
6543
10987
3333
12345
5555
8888
2222
11111
4444
9999
6666
13333
7777
1357
2468
3579
4680
5791
6802
7913
9024
10135
11246
12357
13468
1579
2680
3791
4802
5913
7024
8135
9246
10357
11468
12579
13111
1234
2345
3456
4567
5678
6789
7890
8901
9012
10123
11234
12345
13456
1122
2233
3344
4455
5566
6677
7788
8899
9900
11001
12102
13203
1444
2555
3666
4777
5888
6999
8111
9222
10333
11444
12555
13444
1777
2888
3999
4111
5222
6333
7444
8555
9666
10777
11888
12999
13222
1666
2777
3888
4999
5111 